Followers for axu0110:

899308310461075457
301845117
429603027
790576835478249473
757479416410898433
896950483889209344
239860605
3229657971
895686481209159680
806613022533943297
2825904004
804551085486542848
897504642208194560
829441154378719232
1700078394
827356721651843072
875053791195811841
62669142
2501241178
824637752574488576
387181116
226637533
875055502408925184
2383294656
16616834
798280916070178816
1959637549
804342213132058624
2766560059
1453300891
2271919884
589190175
880259668769087488
894053140777103361
468670768
3889362855
804462369242025985
700706234039578624
253101181
825787182061350912
35499929
905182527790485504
4745978897
716915695716548609
727934028158996480
780213271953629185
846900030816448514
860552796
2711037781
1199463072
882282577964433408
4639216160
78225868
872069394
231667419
819298927660908548
818149062721634305
46945472
3246605098
874762258261438464
611815705
1665544490
852131275188166656
874850628132065280
935352662
872654183538860034
367021773
2341139364
864111022940016644
4347156732
189161272
254289365
700480784
716991672194842626
168423133
830267999693205504
73925969
866736162639138821
316561923
734128900486369280
724323235177750528
156551115
4132308736
732355688714752001
2751374612
2886481169
3300504332
776686193543086080
3035417317
160200021
209926392
728935094275182592
16878629
779435013288890368
782445349789175808
885956929012596736
748464993352433664
223459052
874658877698187264
2604953538
159012392
327700578
847540186129080321
240480145
883451167057031170
15611451
86996695
3328991379
203650042
27937512
1944724508
194594772
3431274281
895893545894125568
201602370
896328425593487360
348116585
806681131718471680
889520521427243009
1706789702
955196990
965206436
1706046576
2218371601
898631430154080260
2273203622
2287697203
479582799
1708721754
842805086711615488
897131234328838144
727064155744800768
1977822331
1497944144
119260719
2893940692
3811197852
2900480230
2384958132
3307321037
1550677519
852494837685288960
575383151
353015517
150777711
224141556
96373428
44772326
855973393962815490
2499150038
21363569
2649139770
339147627
886605558203154432
2267555370
873927153037041664
1929849648
2279784726
728870796
4519495047
2482770398
467518245
239113081
843184423201918977
2383799107
896281319600078849
786510819202707456
16521717
249285476
901175246841163777
3012264303
886541497495113728
221455685
2336575253
21175271
2782022756
847664461406060545
750037158468038660
852935556447309824
1526320032
56059049
757773039782072320
488015110
52728803
225382060
19052440
3644848460
1058248100
880179444513619973
715691312847130624
838499121002598400
3066033298
527660246
850826900557766656
235666170
3269140196
840263772992372737
75019515
961576590
56256443
225350241
315956897
882711542247993344
741450525384843264
436805696
821822677375651841
1479378517
817005429880483845
3389844003
554671092
275041063
2990396990
707279455593570304
371881454
3318741466
1874586031
955504718
2431910840
485097047
840675454038224897
50524732
3064461953
705185074258583552
296906916
1503151752
826289013443162112
1083534163
1723037348
835990173255020544
33902844
479600525
869175065748754432
3028039409
189640034
511315378
2811426722
3058890146
4516756397
614217035
875442614882844672
871351518078939136
2721775887
122194792
817150837877149696
847917540281950208
2437429758
171149519
358377388
156504737
706966283858784256
772710046966902784
291327603
804095735905931264
248413370
240833722
748050929551704064
23290225
4084391729
885775148
720710794330185729
243464401
23934202
762794206796525569
3362731397
394253139
3183941223
11983292
555534562
303275428
882639555135975424
16529873
802043369283141632
852761928418054145
1207090231
851122263118168064
2709863209
71549539
899736081255497729
842104800070270980
144764663
18505608
770859997
870018684181458945
1448020135
3223554188
372711906
20232895
1290373224
2562232831
1566638011
1561001352
2587881720
874700469313994752
777580165375336448
35203249
836427327043223556
2414795454
722502226351165441
4869457450
3331850139
875267211866275840
433744326
916663832
3545688979
859221847413596161
32826334
1551025112
96255978
2221192820
22431550
227825128
4430903653
837202675380981760
773215597446520833
3402692931
844386391035461632
3043043069
2176108207
1081350354
803297078877241345
3026810585
20297872
719331609355259904
617643528
253539326
165079273
787323888950706177
1633540914
2303535451
291780350
3837050358
701670731143368705
874587294
771977429996998656
726664948328189952
2695007377
589023691
742739364686516224
4794335836
767542000157687808
765117694873960448
716163783538794497
149252376
4741145053
275978775
703978255787888643
3106427481
1296629922
700941358006145024
1508095369
4740483681
752784289473916928
724633938749063168
2687175206
747613777718181892
366205842
341308189
4837057781
722032553369014272
132243472
4836434923
4618172129
4707410694
240022427
739998701234491392
719875128
719981815
722781188994142209
721663362610896896
174922691
719862812
1565817151
720117481
719946032
4218839211
4670025445
718999016
35125846
722114204778389504
701989733157707776
726196692811403265
719922518
719896412
4278563241
719757853
2376991147
733708408684056576
903227029
2305938787
2823776319
716625797809876993
1958561287
4861384821
1650597522
19047906
184368686
725827252697595904
317073756
3224028774
719028072217837568
724111633778282496
2325180111
715517369901121538
710455662120009728
725056499161174018
732715266686095360
2719722103
414861202
716654682509295616
222433252
4588146554
712635385604620288
720956181800464385
321200787
4861407966
249481836
4845477916
730456206985166849
3281810130
4875305555
769032841
588973447
46690560
87158640
101902292
2470303934
4660096883
725505320559112192
711370589873680385
726112461250654208
1524637339
729422988899160064
3538521917
573806233
1355547020
2535228608
411003705
112530470
715952447659905025
3035512061
348963601
3125638480
3307165755
906307584
2977078780
129135564
737061570
21067404
3857768175
137827273
723321929453576192
724993732961918976
753337051
4436838072
708752302211878912
2612483653
724460355582234624
724979841846497281
724030310774530049
2546319145
720710037526568960
1101400674
3374406772
721952550149365760
706916278842351621
104553468
195599765
4716957616
701142079481761793
3249512190
471169942
16046258
2204042821
4294040114
96463568
3065933862
3267627170
721980950637322241
4189667059
152360163
1712818651
2675078341
4272291853
717298085190172672
4795340774
4864586650
253684502
717865051504312320
2856223286
383324271
3107664420
4824038918
716994330079133696
724318458448465921
18993148
1049336312
371433750
2869344196
586337639
242637589
293005440
12344052
809807906
3483020657
21064962
3708991092
1050333834
1007357906
704807199508271105
1111585183
717387355435302912
3241415374
2828488441
2347937414
1403146658
728079472763658240
3576746057
582751383
3006278057
188818568
719882391725035520
243040707
712740547639771137
4904590183
709978213448024064
30317113
266234941
3401856405
113416805
3222372442
716025682573307904
726462777875922944
726843228071272449
777333978
21944486
863367108
2975643252
4897872292
4517459541
264611886
4581897554
1207667768
715054484544684033
1024073281
47441905
724698378630795266
3589153756
2919589182
706108613849391105
718846437144944640
3346184483
345208409
4928313741
509006071
182376508
4915095264
2886226879
114387247
4449335133
3854393129
720238345335488513
1144183464
1543286298
158041613
113050169
722212871166431232
2892933064
29841264
2895951965
1409259788
2474036798
3404191163
3281500634
19424979
76501390
714203293493256192
4842482478
725417492085112834
1556099954
3634632387
458359776
157755836
3939612635
714614269032198144
3038541493
225903713
713143836374007809
723978197314850817
4800968484
36475054
3471109580
4242100571
3618475577
3032791577
36289193
3165251515
722245213167616000
716385193116827648
725432715215003653
1444830530
4770573280
168904047
3115853871
4757959535
4832478815
3026654631
2812320500
1451160600
2569662385
2623825404
2513165683
837346549
537148767
3288214263
716085712102121473
45107470
3672940045
2942899526
705501710538530816
2814531867
345315399
1618363046
4623712278
878783082
3111798369
4271815576
408953629
702229143388291073
2744902664
2604436857
2964508983
1213346335
2821255258
4889023332
2850734270
720627806959480833
537576343
722270456212918272
3033369302
2364373098
455183773
2867583165
418621483
4800154395
724199072270159874
2803773648
3536581757
722001011385114624
499059925
4744868138
723586396917751808
22066634
724661405178310657
4323651022
4548340873
3044839275
385228151
91741446
2328193183
2885912877
2511189192
707677378714189824
722815796641079296
3320006145
3170830472
4589625867
4837668816
715202740608233473
3588630977
704711451605405696
4764540074
723711090006233088
721084699708293120
215520129
723581253115609088
4856917492
2612437380
2346418153
718699279963926528
722852632298143744
2501643283
714908960382435328
703258584222670848
3351888700
721720134620958721
720608007344799746
1219916022
710590593030758400
2156956662
720781143818129409
722166902869659649
2348243796
4842292097
4121011413
714101791244304384
707660149108842496
431234285
4724069151
502339815
712911067513495552
276758862
887202210
2790526954
3229318428
2736977389
297457814
1525696230
2394697381
1276898760
15066257
3404388069
3344746452
4891016803
717904564754718720
1223476910
185392431
760107182
722916201668722688
28208118
244251087
62646191
1339135927
2803794826
716713080646971392
4011942809
2211221782
2399016722
698340454954237952
721755184456679425
3165788428
4162075514
2184014131
166409970
18823189
48220055
94535507
235899842
720436757397790721
3257388855
2821172972
223857425
2328718759
2260481151
223604189
2250561162
574816446
2220157117
2244759642
1566234926
870283075
934941240
887225148
457092317
468125687
471698026
Followers for lisaeme75659217:

702822059970273280
895112472738320384
131436146
3279056373
18438022
2657646703
732515283902943232
790864456465149952
889899538277859330
475292738
18539631
27279989
881171096015446017
2153784242
32566876
64145834
904723167888924672
