21833728
18745857
33150468
24190981
347950601
18464266
119509520
2273064468
729763356
24884768
2576238121
30354991
20431922
968885815
16655930
2831591483
1899141181
475292738
2873698883
787310002335784961
255388236
525821517
14610275
954590804
22074965
32566876
2417344609
825553354394890240
843112550
953278568
35094637
18539631
275780722
27279989
3134507540
222249603
42447494
308593298
2657646703
248714917
131436146
67989166
24691376
293850289
368196789
14222518
157140968
191717056
511402689
18164420
732515283902943232
852434642041004032
155659213
427515600
1693158097
22961877
148496087
34507480
1152279248
133315811
20806376
40297195
2756720878
702822059970273280
244655353
23465218
825518870421180416
40918282
81783051
25170188
24673042
1879831
1024126819
558446365
1917731
9300262
13850422
1652541
15860542
1132090693
23375688
2980625739
14511951
3125581648
85433682
136361303
79293791
29123186
2363677027
1557315432
978908012
67058543
887160132643115009
737677150703263744
136678264
600349568
36065771
32283017
14389132
188656529
289118612
27466653
479809444
904229191918505984
64145834
116525488
449600949
1598644159
14079425
1967699275
900894660
4065268685
999470034
737178392295034880
555928038
280756200
17471979
31869934
14353392
3279056373
34492408
3108351
